2600.0 0.9997407415521913
2601.0 0.9993755888087987
2602.0 0.9996859686406824
2603.0 0.9996238926743056
2604.0 0.9994668769946469
2605.0 0.9996896201681164
2606.0 1.0
2607.0 0.9997516961344931
2608.0 0.9995691197627968
2609.0 0.9994960892141183
2610.0 0.9995727712902307
2611.0 0.9995326044884575
2612.0 0.9993828918636666
2613.0 0.9996129380920039
2614.0 0.9998904541769822
2615.0 0.9993865433911004
2616.0 0.9994814831043826
2617.0 0.9992441338211774
2618.0 0.9995472105981932
2619.0 0.9996165896194378
2620.0 0.9995362560158915
2621.0 0.9995033922689861
2622.0 0.9993719372813648
2623.0 0.9995399075433253
2624.0 0.9994048010282701
2625.0 0.9993573311716291
2626.0 0.9992769975680827
2627.0 0.9992222246565738
2628.0 0.9990031330105383
2629.0 0.9986306772122779
2630.0 0.9987840413645027
2631.0 0.9979734022741713
2632.0 0.9969400200103703
2633.0 0.9973855063573093
2634.0 0.9975388705095342
2635.0 0.9963813363129798
2636.0 0.9976630224422877
2637.0 0.9985138283343923
2638.0 0.998532085971562
2639.0 0.999068860504349
2640.0 0.9989885269008026
2641.0 0.9993427250618934
2642.0 0.9993755888087987
2643.0 0.9991601486901971
2644.0 0.9991017242512543
2645.0 0.9994011495008363
2646.0 0.9998466358477751
2647.0 0.9995983319822682
2648.0 0.999656756421211
2649.0 0.9996786655858145
2650.0 0.9995837258725325
2651.0 0.9993281189521577
2652.0 0.9997297869698895
2653.0 0.9996311957291735
2654.0 0.999656756421211
2655.0 0.9995508621256272
2656.0 0.9992039670194042
2657.0 0.9992295277114417
2658.0 0.9991638002176311
2659.0 0.999455922412345
2660.0 0.9995472105981932
2661.0 0.9993062097875541
2662.0 0.9991784063273668
2663.0 0.9996421503114753
2664.0 0.9991236334158579
2665.0 0.9997663022442288
2666.0 0.9992295277114417
2667.0 0.999459573939779
2668.0 0.9991053757786882
2669.0 0.9995362560158915
2670.0 0.9998283782106056
2671.0 0.999455922412345
2672.0 0.9993755888087987
2673.0 0.9993098613149881
2674.0 0.999459573939779
2675.0 0.9996640594760788
2676.0 0.9996092865645699
2677.0 0.9996458018389092
2678.0 0.9990542543946133
2679.0 0.999704226277852
2680.0 0.9999415755610572
2681.0 0.9995143468512879
2682.0 0.9994741800495147
2683.0 0.9991747547999328
2684.0 0.9994960892141183
2685.0 0.999558165180495
2686.0 0.9999050602867179
2687.0 0.9997736052990966
2688.0 0.9993354220070255
2689.0 0.9994084525557041
2690.0 0.9990725120317829
2691.0 0.9995033922689861
2692.0 0.9996056350371361
2693.0 0.9996238926743056
2694.0 0.9994522708849112
2695.0 0.9990725120317829
2696.0 0.9995910289274004
2697.0 0.999262391458347
2698.0 0.9994960892141183
2699.0 0.9993536796441952
2700.0 0.9989775723185008
2701.0 0.9992989067326863
2702.0 0.9993682857539309
2703.0 0.9994048010282701
2704.0 0.9991674517450649
2705.0 0.9994522708849112
2706.0 0.9996750140583807
2707.0 0.9991857093822346
2708.0 0.9993500281167612
2709.0 0.9993463765893273
2710.0 0.9997736052990966
2711.0 0.999558165180495
2712.0 0.9994194071380058
2713.0 0.9994449678300433
2714.0 0.9991784063273668
2715.0 0.9994048010282701
2716.0 0.9993354220070255
2717.0 0.9992916036778184
2718.0 0.9992587399309131
2719.0 0.9992769975680827
2720.0 0.9991966639645363
2721.0 0.9994741800495147
2722.0 0.9992295277114417
2723.0 0.9993901949185344
2724.0 0.9994851346318165
2725.0 0.9993536796441952
2726.0 0.9994267101928737
2727.0 0.9994194071380058
2728.0 0.999656756421211
2729.0 0.9992806490955166
2730.0 0.9992916036778184
2731.0 0.9994668769946469
2732.0 0.9994778315769486
2733.0 0.9994413163026094
2734.0 0.999455922412345
2735.0 0.9994851346318165
2736.0 0.9994741800495147
2737.0 0.9995289529610236
2738.0 0.9996458018389092
2739.0 0.9994522708849112
2740.0 0.9994632254672129
2741.0 0.9994376647751755
2742.0 0.9995472105981932
2743.0 0.9996458018389092
2744.0 0.9995654682353629
2745.0 0.99911633036099
2746.0 0.9993244674247238
2747.0 0.9994997407415522
2748.0 0.9994267101928737
2749.0 0.9989994814831044
2750.0 0.9995070437964201
2751.0 0.9993901949185344
2752.0 0.9995253014335896
2753.0 0.9992222246565738
2754.0 0.9994960892141183
2755.0 0.9994376647751755
2756.0 0.9992185731291399
2757.0 0.9993463765893273
2758.0 0.9993974979734023
2759.0 0.999558165180495
2760.0 0.9990359967574436
2761.0 0.9993463765893273
2762.0 0.9995654682353629
2763.0 0.9992185731291399
2764.0 0.999313512842422
2765.0 0.9989556631538973
2766.0 0.9994668769946469
2767.0 0.9992989067326863
2768.0 0.9991564971627632
2769.0 0.9989775723185008
2770.0 0.9987438745627296
2771.0 0.9981231148989622
2772.0 0.9981012057343587
2773.0 0.9969765352847096
2774.0 0.997447582323686
2775.0 0.9975206128723645
2776.0 0.9975060067626288
2777.0 0.9975644312015716
2778.0 0.9982582214140174
2779.0 0.9990359967574436
2780.0 0.9991418910530275
2781.0 0.9989812238459348
2782.0 0.9990213906477079
2783.0 0.9994486193574772
2784.0 0.9993354220070255
2785.0 0.9992879521503845
2786.0 0.9994084525557041
2787.0 0.999313512842422
2788.0 0.9996202411468718
2789.0 0.9993646342264969
2790.0 0.9995983319822682
2791.0 0.999656756421211
2792.0 0.9992660429857809
2793.0 0.9994814831043826
2794.0 0.9994267101928737
2795.0 0.9997334384973234
2796.0 0.9996713625309467
2797.0 0.999360982699063
2798.0 0.9994814831043826
2799.0 0.9995362560158915
2800.0 0.9994376647751755
2801.0 0.999313512842422
2802.0 0.9992587399309131
2803.0 0.9996384987840413
2804.0 0.9995253014335896
2805.0 0.9993098613149881
2806.0 0.9996713625309467
2807.0 0.9994522708849112
2808.0 0.9992660429857809
2809.0 0.9990725120317829
2810.0 0.9996311957291735
2811.0 0.9996969232229842
2812.0 0.9995691197627968
2813.0 0.9993792403362326
2814.0 0.9993755888087987
2815.0 0.9990031330105383
2816.0 0.9995362560158915
2817.0 0.9991236334158579
2818.0 0.9993025582601202
2819.0 0.9992989067326863
2820.0 0.9994449678300433
2821.0 0.9986891016512207
2822.0 0.9987329199804278
2823.0 0.9987110108158243
2824.0 0.9985065252795244
2825.0 0.9981304179538301
2826.0 0.9974621884334217
2827.0 0.9973526426104039
2828.0 0.9976484163325519
2829.0 0.997400112467045
2830.0 0.9973818548298753
2831.0 0.9983896764016388
2832.0 0.9985795558282029
2833.0 0.9990506028671794
2834.0 0.9989775723185008
2835.0 0.9992733460406488
2836.0 0.9993536796441952
2837.0 0.9991930124371025
2838.0 0.9990506028671794
2839.0 0.9994303617203076
2840.0 0.9996421503114753
2841.0 0.999317164369856
2842.0 0.999068860504349
2843.0 0.9991455425804614
2844.0 0.9989556631538973
2845.0 0.9989447085715955
2846.0 0.9989885269008026
2847.0 0.9991090273061222
2848.0 0.9986014649928064
2849.0 0.9985028737520905
2850.0 0.9982399637768479
2851.0 0.9974950521803271
2852.0 0.9971591116564059
2853.0 0.9975242643997985
2854.0 0.9973234303909325
2855.0 0.9979368869998321
2856.0 0.9985065252795244
2857.0 0.9988351627485778
2858.0 0.998970269263633
2859.0 0.999068860504349
2860.0 0.9991309364707257
2861.0 0.9992039670194042
2862.0 0.9994814831043826
2863.0 0.9991638002176311
2864.0 0.9997918629362662
2865.0 0.9996056350371361
2866.0 0.9988461173308795
2867.0 0.999510695323854
2868.0 0.9993828918636666
2869.0 0.9993865433911004
2870.0 0.9993317704795917
2871.0 0.9993317704795917
2872.0 0.9992733460406488
2873.0 0.9992879521503845
2874.0 0.9994303617203076
2875.0 0.9995070437964201
2876.0 0.9994376647751755
2877.0 0.999317164369856
2878.0 0.9995179983787218
2879.0 0.9992769975680827
2880.0 0.9991784063273668
2881.0 0.9994449678300433
2882.0 0.9993463765893273
2883.0 0.9993463765893273
2884.0 0.9991199818884239
2885.0 0.9993646342264969
2886.0 0.9989885269008026
2887.0 0.9992514368760452
2888.0 0.9996384987840413
2889.0 0.99901408759284
2890.0 0.9995946804548342
2891.0 0.9995362560158915
2892.0 0.9996202411468718
2893.0 0.9993317704795917
2894.0 0.9994413163026094
2895.0 0.9995472105981932
2896.0 0.9994741800495147
2897.0 0.9994048010282701
2898.0 0.999313512842422
2899.0 0.9990834666140846
2900.0 0.9994522708849112
2901.0 0.9995033922689861
2902.0 0.9990213906477079
2903.0 0.9991893609096685
2904.0 0.9991564971627632
2905.0 0.9994157556105719
2906.0 0.9992514368760452
2907.0 0.9990469513397454
2908.0 0.9989848753733687
2909.0 0.9994668769946469
2910.0 0.9995837258725325
2911.0 0.9990615574494811
2912.0 0.9992550884034792
2913.0 0.9986598894317493
2914.0 0.9988132535839742
2915.0 0.9992477853486114
2916.0 0.9993755888087987
2917.0 0.9991309364707257
2918.0 0.9989337539892937
2919.0 0.9989337539892937
2920.0 0.9991674517450649
2921.0 0.9989921784282365
2922.0 0.9990615574494811
2923.0 0.9991564971627632
2924.0 0.9990469513397454
2925.0 0.9989812238459348
2926.0 0.9992733460406488
2927.0 0.9992003154919703
2928.0 0.999313512842422
2929.0 0.9993463765893273
2930.0 0.9996494533663431
2931.0 0.999313512842422
2932.0 0.9993390735344595
2933.0 0.9992806490955166
2934.0 0.9992441338211774
2935.0 0.9994048010282701
2936.0 0.9991930124371025
2937.0 0.9991491941078954
2938.0 0.9995143468512879
2939.0 0.9992477853486114
2940.0 0.9990798150866508
2941.0 0.9991601486901971
2942.0 0.9992660429857809
2943.0 0.9987840413645027
2944.0 0.9986781470689189
2945.0 0.9988862841326527
2946.0 0.9985138283343923
2947.0 0.9981742362830371
2948.0 0.9971846723484433
2949.0 0.9974110670493468
2950.0 0.9975133098174966
2951.0 0.997301521226329
2952.0 0.9980354782405481
2953.0 0.9982582214140174
2954.0 0.9990506028671794
2955.0 0.9989118448246902
2956.0 0.9989337539892937
2957.0 0.9990469513397454
2958.0 0.9997188323875877
2959.0 0.999455922412345
2960.0 0.999412104083138
2961.0 0.9995472105981932
2962.0 0.9993390735344595
2963.0 0.9994230586654398
2964.0 0.9994632254672129
2965.0 0.9992806490955166
2966.0 0.9992185731291399
2967.0 0.9986525863768815
2968.0 0.9985028737520905
2969.0 0.9982545698865836
2970.0 0.9975936434210431
2971.0 0.9977068407714947
2972.0 0.9978784625608892
2973.0 0.9975060067626288
2974.0 0.9980245236582462
2975.0 0.9986525863768815
2976.0 0.9989264509344259
2977.0 0.9991930124371025
2978.0 0.9993938464459684
2979.0 0.9995837258725325
2980.0 0.9992331792388757
2981.0 0.9992514368760452
2982.0 0.9995362560158915
2983.0 0.9997005747504181
2984.0 0.9998648934849448
2985.0 0.9997334384973234
2986.0 0.9996750140583807
2987.0 0.9997261354424556
2988.0 0.9998320297380394
2989.0 0.9999890454176982
2990.0 0.9997845598813984
2991.0 0.9998320297380394
2992.0 0.9999123633415857
2993.0 0.9997443930796253
2994.0 0.9997115293327199
2995.0 0.9998941057044162
2996.0 0.9999269694513215
2997.0 0.9997955144637002
2998.0 0.9996421503114753
2999.0 0.9994741800495147
3000.0 0.9996458018389092
3001.0 0.9998247266831716
3002.0 0.9996640594760788
3003.0 0.9993865433911004
3004.0 0.9995654682353629
3005.0 0.999510695323854
3006.0 0.9989520116264633
3007.0 0.9996092865645699
3008.0 0.9994340132477415
3009.0 0.9994157556105719
3010.0 0.998868026495483
3011.0 0.9990798150866508
3012.0 0.9986671924866172
3013.0 0.9977652652104375
3014.0 0.9972248391502165
3015.0 0.997447582323686
3016.0 0.9972796120617254
3017.0 0.9968195196050508
3018.0 0.9979551446370016
3019.0 0.9987365715078618
3020.0 0.9990250421751419
3021.0 0.9988607234406152
3022.0 0.9993500281167612
3023.0 0.9995946804548342
3024.0 0.9994413163026094
3025.0 0.9994924376866844
3026.0 0.9993317704795917
3027.0 0.9993646342264969
3028.0 0.999554513653061
3029.0 0.9994486193574772
3030.0 0.9994960892141183
3031.0 0.9997845598813984
3032.0 0.9996275442017396
3033.0 0.9998429843203412
3034.0 0.9990067845379722
3035.0 0.9995253014335896
3036.0 0.9994668769946469
3037.0 0.9995362560158915
3038.0 0.9994778315769486
3039.0 0.9993098613149881
3040.0 0.9995070437964201
3041.0 0.999211270074272
3042.0 0.9993390735344595
3043.0 0.9996129380920039
3044.0 0.9995873773999664
3045.0 0.9994084525557041
3046.0 0.9998283782106056
3047.0 0.9996129380920039
3048.0 0.9993536796441952
3049.0 0.9993463765893273
3050.0 0.9989994814831044
3051.0 0.9991528456353292
3052.0 0.9995691197627968
3053.0 0.9990761635592168
3054.0 0.9993755888087987
3055.0 0.9993208158972898
3056.0 0.9989520116264633
3057.0 0.9991236334158579
3058.0 0.9990432998123114
3059.0 0.9990432998123114
3060.0 0.9994741800495147
3061.0 0.9990542543946133
3062.0 0.9994048010282701
3063.0 0.9990359967574436
3064.0 0.9990761635592168
3065.0 0.9995800743450985
3066.0 0.9990506028671794
3067.0 0.9991309364707257
3068.0 0.9992185731291399
3069.0 0.9992185731291399
3070.0 0.999554513653061
3071.0 0.9996092865645699
3072.0 0.9997334384973234
3073.0 0.9993792403362326
3074.0 0.9992550884034792
3075.0 0.9992514368760452
3076.0 0.999455922412345
3077.0 0.9993025582601202
3078.0 0.9992989067326863
3079.0 0.9995910289274004
3080.0 0.9995764228176647
3081.0 0.9994340132477415
3082.0 0.9994960892141183
3083.0 0.9996531048937771
3084.0 0.9993646342264969
3085.0 0.9998941057044162
3086.0 0.9994851346318165
3087.0 0.9996786655858145
3088.0 0.9994851346318165
3089.0 0.9994851346318165
3090.0 0.9994997407415522
3091.0 0.9991528456353292
3092.0 0.9993974979734023
3093.0 0.9994851346318165
3094.0 0.9995216499061558
3095.0 0.9992843006229506
3096.0 0.9993354220070255
3097.0 0.9994157556105719
3098.0 0.9993646342264969
3099.0 0.999317164369856
3100.0 0.9995837258725325
3101.0 0.9995289529610236
3102.0 0.9993500281167612
3103.0 0.9993828918636666
3104.0 0.9990798150866508
3105.0 0.9988899356600867
3106.0 0.9986160711025422
3107.0 0.9985503436087315
3108.0 0.9982947366883568
3109.0 0.997250399842254
3110.0 0.996122077865171
3111.0 0.9967939589130134
3112.0 0.9973380365006682
3113.0 0.9968268226599186
3114.0 0.9971079902723309
3115.0 0.9981961454476408
3116.0 0.9984700100051852
3117.0 0.9988388142760116
3118.0 0.9989447085715955
3119.0 0.9987000562335225
3120.0 0.9992404822937435
3121.0 0.99901408759284
3122.0 0.998919147879558
3123.0 0.9992769975680827
3124.0 0.9994157556105719
3125.0 0.9994960892141183
3126.0 0.999262391458347
3127.0 0.9995253014335896
3128.0 0.9994632254672129
3129.0 0.9997699537716627
3130.0 0.9995435590707593
3131.0 0.9997078778052859
3132.0 0.9992368307663095
3133.0 0.9995362560158915
3134.0 0.9991564971627632
3135.0 0.9995362560158915
3136.0 0.9994230586654398
3137.0 0.9994924376866844
3138.0 0.9995618167079289
3139.0 0.9993098613149881
3140.0 0.9994340132477415
