2600.0 0.9997275316566138
2601.0 0.9997203992123269
2602.0 0.9997843669202079
2603.0 0.9998160367671671
2604.0 0.9997691151525504
2605.0 0.9998022204599951
2606.0 0.999799259822744
2607.0 0.9997946842924468
2608.0 0.9997326454845931
2609.0 0.9997578109012278
2610.0 0.9997264102031096
2611.0 0.9997785353619859
2612.0 0.9997341706613588
2613.0 0.999756510015163
2614.0 0.9997364584265074
2615.0 0.9996947403561504
2616.0 0.9997270830752121
2617.0 0.999673163590729
2618.0 0.9997007064887927
2619.0 0.9996745093349341
2620.0 0.9996445440973013
2621.0 0.999672894441888
2622.0 0.999641807750751
2623.0 0.9996423460484329
2624.0 0.9995288549538055
2625.0 0.9994237074732495
2626.0 0.9993791184819216
2627.0 0.9993389704464704
2628.0 0.9991951552490888
2629.0 0.9989536390224191
2630.0 0.9986984859211381
2631.0 0.998149646576171
2632.0 0.997103779038132
2633.0 0.9973951326585293
2634.0 0.9977288772213864
2635.0 0.9970876749658114
2636.0 0.9977635077055967
2637.0 0.9986638554369277
2638.0 0.9989776829855497
2639.0 0.9991975327305177
2640.0 0.9993469551954205
2641.0 0.9994314230733585
2642.0 0.9994402152688316
2643.0 0.9995290343863662
2644.0 0.9995776157521692
2645.0 0.9996365593483512
2646.0 0.9996207244248715
2647.0 0.9996450375368431
2648.0 0.9996959515259348
2649.0 0.9996715038395428
2650.0 0.9997062240400335
2651.0 0.9996839744025098
2652.0 0.9996764382349613
2653.0 0.9996512279601865
2654.0 0.9996605584533416
2655.0 0.99966544799062
2656.0 0.99964687672059
2657.0 0.9996310866552506
2658.0 0.9996214421551143
2659.0 0.9996096444642498
2660.0 0.9996021082967014
2661.0 0.9996176292131999
2662.0 0.9995618256868297
2663.0 0.9995786923475333
2664.0 0.9996134574061641
2665.0 0.9996188403829844
2666.0 0.9996313109459514
2667.0 0.9996287988901019
2668.0 0.999616059178294
2669.0 0.9996446786717218
2670.0 0.9996297409110455
2671.0 0.9996478187415336
2672.0 0.9996461141322072
2673.0 0.999709812691247
2674.0 0.999633867859941
2675.0 0.99966280136035
2676.0 0.9996449029624226
2677.0 0.9996647302603773
2678.0 0.9996204104178904
2679.0 0.9996137714131453
2680.0 0.9995869462453243
2681.0 0.999616328327135
2682.0 0.9996225187504783
2683.0 0.9996189300992648
2684.0 0.9995974430501239
2685.0 0.9995714253288258
2686.0 0.9996214870132544
2687.0 0.9996117976549779
2688.0 0.9995799483754579
2689.0 0.9996154311643316
2690.0 0.999570931889284
2691.0 0.9996057866641953
2692.0 0.999603050317645
2693.0 0.999584479047615
2694.0 0.9995816081266442
2695.0 0.9995809801126818
2696.0 0.9995631714310348
2697.0 0.999526612046797
2698.0 0.9995990130850297
2699.0 0.9995044969836938
2700.0 0.999550745726208
2701.0 0.9995175507024829
2702.0 0.9995537063634591
2703.0 0.9995001906022376
2704.0 0.9994965122347437
2705.0 0.9995181338583051
2706.0 0.9995033306720494
2707.0 0.9995175058443428
2708.0 0.9994974991138275
2709.0 0.9995145900652318
2710.0 0.9995241448490878
2711.0 0.9995882022732491
2712.0 0.999603319466486
2713.0 0.9995259391746946
2714.0 0.9995961870221991
2715.0 0.9996270494226354
2716.0 0.9996080295712038
2717.0 0.9995674329543508
2718.0 0.9995834921685313
2719.0 0.999560838807746
2720.0 0.9995581473193359
2721.0 0.9995978467733854
2722.0 0.9995650106147818
2723.0 0.9995925086547053
2724.0 0.9995958730152179
2725.0 0.9996007176943562
2726.0 0.9996161040364342
2727.0 0.9996087024433062
2728.0 0.999629875485466
2729.0 0.9995959627314983
2730.0 0.9995963215966196
2731.0 0.9996623976370885
2732.0 0.999609958471231
2733.0 0.9996236850621227
2734.0 0.9995505214355072
2735.0 0.9996391162623408
2736.0 0.9996524839881111
2737.0 0.9995872153941653
2738.0 0.9996360210506692
2739.0 0.9996174049224991
2740.0 0.9996177637876204
2741.0 0.9996282157342797
2742.0 0.9996329706971376
2743.0 0.999641807750751
2744.0 0.9995722776334891
2745.0 0.9995940786896111
2746.0 0.9995952450012556
2747.0 0.999639430269322
2748.0 0.9995599865030828
2749.0 0.9995870359616047
2750.0 0.9995729505055916
2751.0 0.9996032746083459
2752.0 0.9995800380917383
2753.0 0.9996017045734399
2754.0 0.999587125677885
2755.0 0.9995978467733854
2756.0 0.9995817875592049
2757.0 0.9995646517496604
2758.0 0.9995895480174541
2759.0 0.9995673880962107
2760.0 0.9995522709029737
2761.0 0.9995769877382068
2762.0 0.9996077604223628
2763.0 0.999571201038125
2764.0 0.999509341662832
2765.0 0.9994654704017468
2766.0 0.999398362624054
2767.0 0.9993525624629416
2768.0 0.9992344958380169
2769.0 0.9991355387808042
2770.0 0.9990110574418354
2771.0 0.9986881685488993
2772.0 0.998204597797878
2773.0 0.9973174383597567
2774.0 0.997522215769628
2775.0 0.9978861947189588
2776.0 0.9974074237889357
2777.0 0.9978654254000606
2778.0 0.9986536726391093
2779.0 0.9989621620690512
2780.0 0.9991504765414805
2781.0 0.9992868901457342
2782.0 0.9993069417343897
2783.0 0.999430481052415
2784.0 0.999438959240907
2785.0 0.9994802287298624
2786.0 0.9995812044033827
2787.0 0.999626152259832
2788.0 0.9996117976549779
2789.0 0.999633060413418
2790.0 0.9996683189115908
2791.0 0.9996662105790028
2792.0 0.999635707043688
2793.0 0.9996509588113454
2794.0 0.9996468318624498
2795.0 0.9996804754675765
2796.0 0.9996818212117816
2797.0 0.9996648648347978
2798.0 0.999635168746006
2799.0 0.999701558793456
2800.0 0.999666524585984
2801.0 0.9996629807929107
2802.0 0.9997110238610316
2803.0 0.9996129191084822
2804.0 0.9996034540409064
2805.0 0.9995812044033827
2806.0 0.9996091510247079
2807.0 0.9996065492525782
2808.0 0.9996158797457333
2809.0 0.9995986990780485
2810.0 0.9996273185714764
2811.0 0.999606773543279
2812.0 0.9995981607803666
2813.0 0.9996011214176177
2814.0 0.9995614668217083
2815.0 0.9995730850800121
2816.0 0.9995184030071461
2817.0 0.9994823370624504
2818.0 0.9994717953995106
2819.0 0.999355343667632
2820.0 0.9993227317997292
2821.0 0.9992263765146463
2822.0 0.9991792754674689
2823.0 0.9990360882840497
2824.0 0.9987818772037123
2825.0 0.9984172253822788
2826.0 0.997743680407642
2827.0 0.9976248063361943
2828.0 0.9979305594195859
2829.0 0.9976968485093057
2830.0 0.9978756979141593
2831.0 0.9985770997938409
2832.0 0.9989355163337909
2833.0 0.9990950318802316
2834.0 0.9992044408841037
2835.0 0.999236110731063
2836.0 0.9993609957932933
2837.0 0.9993906918820852
2838.0 0.9994293595989108
2839.0 0.9994581136667591
2840.0 0.9994364023269173
2841.0 0.9994364023269173
2842.0 0.9994014129775856
2843.0 0.9993713580236724
2844.0 0.9992972972342534
2845.0 0.999294785178404
2846.0 0.9992064146422711
2847.0 0.9991106873711506
2848.0 0.9989027698914675
2849.0 0.9986917123419726
2850.0 0.9982648871382651
2851.0 0.9976418524294586
2852.0 0.9974691934479483
2853.0 0.9978319163693544
2854.0 0.9976177187500477
2855.0 0.9978252773646094
2856.0 0.9985394638142392
2857.0 0.9989308062290732
2858.0 0.9990911292220369
2859.0 0.9991957832630511
2860.0 0.9993071211669504
2861.0 0.9993856229122461
2862.0 0.9994333071152457
2863.0 0.9994276549895844
2864.0 0.9995137826187088
2865.0 0.9995366154120547
2866.0 0.9995768980219265
2867.0 0.9995523157611139
2868.0 0.9995854659266987
2869.0 0.9995700347264806
2870.0 0.9995671189473696
2871.0 0.9995596724961016
2872.0 0.9995712907544053
2873.0 0.9995550969658044
2874.0 0.9995610630984468
2875.0 0.9995677918194722
2876.0 0.9995321295980378
2877.0 0.9995806212475605
2878.0 0.9995234271188451
2879.0 0.9995402937795487
2880.0 0.9995389928934837
2881.0 0.9995760457172632
2882.0 0.999588695712791
2883.0 0.9995983850710674
2884.0 0.9995722776334891
2885.0 0.9995740271009557
2886.0 0.999553661505319
2887.0 0.9995981607803666
2888.0 0.9995356285329711
2889.0 0.9995826398638681
2890.0 0.9996106762014737
2891.0 0.9995936749663497
2892.0 0.999563485438016
2893.0 0.9995508354424884
2894.0 0.9995715150451062
2895.0 0.9995815184103639
2896.0 0.9995931366686677
2897.0 0.9995471570749944
2898.0 0.9994587865388617
2899.0 0.9995179992838846
2900.0 0.9994694627762218
2901.0 0.999476415787948
2902.0 0.9994303464779946
2903.0 0.9993994392194181
2904.0 0.9993914096123279
2905.0 0.999421464566241
2906.0 0.9994696422087825
2907.0 0.9994425927502606
2908.0 0.9993738700795218
2909.0 0.999380823091248
2910.0 0.9994053604939204
2911.0 0.999371268307392
2912.0 0.9993657058980111
2913.0 0.9993635078491427
2914.0 0.9993618032398164
2915.0 0.9993655264654504
2916.0 0.9993471794861213
2917.0 0.9993591566095464
2918.0 0.9993655713235906
2919.0 0.9993385218650687
2920.0 0.9993535044838852
2921.0 0.9994133003847303
2922.0 0.9993990354961566
2923.0 0.9994122686475064
2924.0 0.9994252326500153
2925.0 0.9994273858407434
2926.0 0.9994207019778582
2927.0 0.9994621060412341
2928.0 0.9994584725318805
2929.0 0.9994565884899934
2930.0 0.9994679824575963
2931.0 0.999489155499756
2932.0 0.999518896446688
2933.0 0.9994808567438248
2934.0 0.9994892003578962
2935.0 0.9995392620423247
2936.0 0.9995498934215448
2937.0 0.9994912189742038
2938.0 0.9995524054773942
2939.0 0.9994537175690226
2940.0 0.9993827519912752
2941.0 0.999358528595584
2942.0 0.9993195468717773
2943.0 0.999273298129263
2944.0 0.9991712458603786
2945.0 0.9990037007068476
2946.0 0.998783671529319
2947.0 0.998237523672762
2948.0 0.9975903552845446
2949.0 0.9978253222227496
2950.0 0.9978900973771535
2951.0 0.9975773912820358
2952.0 0.9982333967238665
2953.0 0.9987866321665702
2954.0 0.9990868676987209
2955.0 0.9992697991943299
2956.0 0.9993619826723771
2957.0 0.9994705393715859
2958.0 0.9995397554818666
2959.0 0.9995884265639499
2960.0 0.9996891330886292
2961.0 0.999662532211509
2962.0 0.9996381293832571
2963.0 0.9995990130850297
2964.0 0.9995907591872387
2965.0 0.9995206010560145
2966.0 0.9994233934662683
2967.0 0.9993365032487611
2968.0 0.9990608051192827
2969.0 0.998646136471561
2970.0 0.9978681168884708
2971.0 0.998109812547701
2972.0 0.9982122685398469
2973.0 0.9978263539599734
2974.0 0.9983744307165576
2975.0 0.9989415273245735
2976.0 0.9992766624897758
2977.0 0.9994906806765218
2978.0 0.9995499831378251
2979.0 0.9996233261970013
2980.0 0.9997302231450239
2981.0 0.9997836940481053
2982.0 0.9998566782421602
2983.0 0.999823438360295
2984.0 0.9999305595990184
2985.0 0.99989911404276
2986.0 0.9999079510963733
2987.0 0.9999483234225254
2988.0 0.9999718290879739
2989.0 0.9999537512574859
2990.0 0.9999427161550043
2991.0 0.999959358525007
2992.0 0.9999236065872923
2993.0 1.0
2994.0 0.9999796792625034
2995.0 0.9999370191712028
2996.0 0.999990714364985
2997.0 0.9999170124406874
2998.0 0.9999099697126809
2999.0 0.9998398564395968
3000.0 0.9998947179450235
3001.0 0.9999041830125991
3002.0 0.9999123023359697
3003.0 0.9998520578537228
3004.0 0.9998122686833929
3005.0 0.9997343052357793
3006.0 0.9996156105968923
3007.0 0.9996110799247352
3008.0 0.9995017157790034
3009.0 0.9994075585427887
3010.0 0.999248087854488
3011.0 0.9990291352723234
3012.0 0.9985387909421367
3013.0 0.997736503105215
3014.0 0.9972765277359227
3015.0 0.9977474484914163
3016.0 0.9974485587034706
3017.0 0.9973483904764733
3018.0 0.9983612872814881
3019.0 0.9988864415284461
3020.0 0.9992218458424893
3021.0 0.9993590220351259
3022.0 0.9994743074553601
3023.0 0.9995593584891205
3024.0 0.9996601098719399
3025.0 0.9997104855633496
3026.0 0.9996947852142904
3027.0 0.9997046540051276
3028.0 0.9997483458336522
3029.0 0.9996961758166357
3030.0 0.9996937534770666
3031.0 0.9997272625077728
3032.0 0.9996684086278711
3033.0 0.9997341706613588
3034.0 0.9996993158864476
3035.0 0.9997047885795481
3036.0 0.9997413031056457
3037.0 0.9997046091469874
3038.0 0.9997243018705216
3039.0 0.9997115621587137
3040.0 0.9996830772397064
3041.0 0.9996502410811027
3042.0 0.9996588987021553
3043.0 0.9996493887764395
3044.0 0.9996020634385613
3045.0 0.9996054726572141
3046.0 0.999626152259832
3047.0 0.9996295166203446
3048.0 0.99951674325596
3049.0 0.9995415498074733
3050.0 0.9994843108206177
3051.0 0.999502702658087
3052.0 0.9994743074553601
3053.0 0.9994229448848666
3054.0 0.9995141863419703
3055.0 0.9994589211132822
3056.0 0.999455960476031
3057.0 0.9994856565648228
3058.0 0.9995128854559054
3059.0 0.9994744868879207
3060.0 0.9994669507203724
3061.0 0.9994673095854938
3062.0 0.9994942693277353
3063.0 0.9994747560367618
3064.0 0.9995284960886842
3065.0 0.9995412806586323
3066.0 0.9995660872101457
3067.0 0.9995568464332709
3068.0 0.9995366602701949
3069.0 0.9995602556519237
3070.0 0.9995671189473696
3071.0 0.9995559492704675
3072.0 0.9995408769353709
3073.0 0.9995374677167179
3074.0 0.999603588615327
3075.0 0.9995866770964833
3076.0 0.9996205001341707
3077.0 0.9996235953458423
3078.0 0.9996213972969741
3079.0 0.9996794437303527
3080.0 0.9996487607624771
3081.0 0.9996698889464967
3082.0 0.9996756756465786
3083.0 0.9997339015125178
3084.0 0.9996939777677675
3085.0 0.9996948300724307
3086.0 0.9996774251140451
3087.0 0.999718290879739
3088.0 0.9996960412422152
3089.0 0.9997082875144814
3090.0 0.9997154648169083
3091.0 0.999694919788711
3092.0 0.9996996747515688
3093.0 0.9997107098540504
3094.0 0.9996623976370885
3095.0 0.9996839295443696
3096.0 0.999723584140279
3097.0 0.9996942917747487
3098.0 0.9996819557862021
3099.0 0.9996857238699763
3100.0 0.9996502859392429
3101.0 0.9996303240668677
3102.0 0.9995200179001923
3103.0 0.99945833795746
3104.0 0.9993608612188728
3105.0 0.9992948748946843
3106.0 0.9991211841759501
3107.0 0.9988677805421358
3108.0 0.9985989457081033
3109.0 0.9979180888566189
3110.0 0.99681646265035
3111.0 0.997122888605844
3112.0 0.9974670402572202
3113.0 0.9968113039642305
3114.0 0.9974840863504844
3115.0 0.9983929571284474
3116.0 0.9988997643960762
3117.0 0.9990746214264548
3118.0 0.999285499543389
3119.0 0.9994075585427887
3120.0 0.9994495457619869
3121.0 0.999499248581294
3122.0 0.9995881574151089
3123.0 0.999642615197274
3124.0 0.9995940786896111
3125.0 0.9996894919537506
3126.0 0.9996452169694038
3127.0 0.9996773353977647
3128.0 0.9997007962050731
3129.0 0.999698373865504
3130.0 0.9996962206747759
3131.0 0.9997250644589045
3132.0 0.9996913759956376
3133.0 0.999703936274885
3134.0 0.9996711449744214
3135.0 0.999666793734825
3136.0 0.9997125490377974
3137.0 0.9997034428353431
3138.0 0.9996951440794118
3139.0 0.9996733430232897
3140.0 0.9996455758345252
