2730.0 0.9963077306747437
2731.0 0.9994328022003174
2732.0 0.9996820092201233
2733.0 0.9996707439422607
2734.0 0.9997350573539734
2735.0 0.9996686577796936
2736.0 0.9996134638786316
2737.0 0.999639630317688
2738.0 0.9996060132980347
2739.0 0.99958336353302
2740.0 0.9995450377464294
2741.0 0.9994944930076599
2742.0 0.9995486736297607
2743.0 0.9994943141937256
2744.0 0.9993986487388611
2745.0 0.9993582963943481
2746.0 0.9992625117301941
2747.0 0.999207079410553
2748.0 0.9991103410720825
2749.0 0.9990259408950806
2750.0 0.9988353848457336
2751.0 0.9986942410469055
2752.0 0.9985226988792419
2753.0 0.9982134699821472
2754.0 0.9976921677589417
2755.0 0.9972671866416931
2756.0 0.996729850769043
2757.0 0.9958310127258301
2758.0 0.9950913786888123
2759.0 0.9939614534378052
2760.0 0.9917572736740112
2761.0 0.9891044497489929
2762.0 0.9871482849121094
2763.0 0.9861583709716797
2764.0 0.9860053658485413
2765.0 0.9866412878036499
2766.0 0.9881511330604553
2767.0 0.9906391501426697
2768.0 0.993240237236023
2769.0 0.9948139190673828
2770.0 0.9956561923027039
2771.0 0.9965137243270874
2772.0 0.9971845746040344
2773.0 0.9975805282592773
2774.0 0.9979379177093506
2775.0 0.9983376264572144
2776.0 0.9984886050224304
2777.0 0.9985650181770325
2778.0 0.9986703395843506
2779.0 0.9986957907676697
2780.0 0.9986287355422974
2781.0 0.9986019730567932
2782.0 0.9986111521720886
2783.0 0.9984601736068726
2784.0 0.9982860684394836
2785.0 0.998207688331604
2786.0 0.9979397654533386
2787.0 0.9974530339241028
2788.0 0.9970511198043823
2789.0 0.9964885115623474
2790.0 0.9956538081169128
2791.0 0.9945942759513855
2792.0 0.9937658905982971
2793.0 0.9919914603233337
2794.0 0.9888451099395752
2795.0 0.985827624797821
2796.0 0.9840612411499023
2797.0 0.9835603833198547
2798.0 0.9837814569473267
2799.0 0.9848709106445312
2800.0 0.9872075915336609
2801.0 0.9906498789787292
2802.0 0.9933613538742065
2803.0 0.9946113228797913
2804.0 0.9955978989601135
2805.0 0.9966170191764832
2806.0 0.9971631765365601
2807.0 0.9975596070289612
2808.0 0.9980248212814331
2809.0 0.9983795285224915
2810.0 0.9984883069992065
2811.0 0.9986782670021057
2812.0 0.9988439679145813
2813.0 0.9988250136375427
2814.0 0.9988680481910706
2815.0 0.9988709688186646
2816.0 0.9989264011383057
2817.0 0.9988477230072021
2818.0 0.9988926649093628
2819.0 0.9988786578178406
2820.0 0.998773455619812
2821.0 0.9986274242401123
2822.0 0.9984630942344666
2823.0 0.9981449246406555
2824.0 0.9977523684501648
2825.0 0.9973800182342529
2826.0 0.9968252778053284
2827.0 0.9959654211997986
2828.0 0.99519944190979
2829.0 0.9940069317817688
2830.0 0.9919059872627258
2831.0 0.989700436592102
2832.0 0.9881160259246826
2833.0 0.9870671629905701
2834.0 0.9871336817741394
2835.0 0.988188624382019
2836.0 0.9896647334098816
2837.0 0.9917733073234558
2838.0 0.994134783744812
2839.0 0.9954120516777039
2840.0 0.9960492253303528
2841.0 0.996813952922821
2842.0 0.9973680973052979
2843.0 0.9977223873138428
2844.0 0.9980462789535522
2845.0 0.998298704624176
2846.0 0.9985145926475525
2847.0 0.998562753200531
2848.0 0.9986682534217834
2849.0 0.9986552596092224
2850.0 0.9986177682876587
2851.0 0.9984593987464905
2852.0 0.998352587223053
2853.0 0.9981582164764404
2854.0 0.9978393912315369
2855.0 0.9974889755249023
2856.0 0.9970201849937439
2857.0 0.9964174628257751
2858.0 0.9955819249153137
2859.0 0.9947651624679565
2860.0 0.9936642646789551
2861.0 0.9914824962615967
2862.0 0.9891409277915955
2863.0 0.9876695275306702
2864.0 0.9868887662887573
2865.0 0.9869450330734253
2866.0 0.9878477454185486
2867.0 0.9893785715103149
2868.0 0.9918415546417236
2869.0 0.9940786957740784
2870.0 0.9953255653381348
2871.0 0.996067464351654
2872.0 0.9968786239624023
2873.0 0.997363269329071
2874.0 0.9977986216545105
2875.0 0.9980469942092896
2876.0 0.9983043074607849
2877.0 0.9984114170074463
2878.0 0.9983524680137634
2879.0 0.9984133243560791
2880.0 0.9982576370239258
2881.0 0.9979197382926941
2882.0 0.9976586699485779
2883.0 0.997246265411377
2884.0 0.9966157674789429
2885.0 0.9958015084266663
2886.0 0.994789183139801
2887.0 0.9933359622955322
2888.0 0.9911080002784729
2889.0 0.9889007806777954
2890.0 0.9874106049537659
2891.0 0.9868319630622864
2892.0 0.9870176315307617
2893.0 0.9880403280258179
2894.0 0.9897139668464661
2895.0 0.9918280243873596
2896.0 0.9938657879829407
2897.0 0.9948851466178894
2898.0 0.9956363439559937
2899.0 0.9963733553886414
2900.0 0.996938943862915
2901.0 0.9973015189170837
2902.0 0.9976062178611755
2903.0 0.9978845119476318
2904.0 0.9980564713478088
2905.0 0.9980587959289551
2906.0 0.9982061982154846
2907.0 0.9981220364570618
2908.0 0.9979896545410156
2909.0 0.9979671835899353
2910.0 0.9977417588233948
2911.0 0.9972863793373108
2912.0 0.9969423413276672
2913.0 0.9964558482170105
2914.0 0.9956092834472656
2915.0 0.9946804046630859
2916.0 0.9934917688369751
2917.0 0.991559624671936
2918.0 0.9893659353256226
2919.0 0.9875959753990173
2920.0 0.9865460991859436
2921.0 0.986404299736023
2922.0 0.987173855304718
2923.0 0.9886035919189453
2924.0 0.9904807806015015
2925.0 0.9927156567573547
2926.0 0.9942096471786499
2927.0 0.9948527216911316
2928.0 0.9957389235496521
2929.0 0.9964538812637329
2930.0 0.9968860745429993
2931.0 0.9973182082176208
2932.0 0.9977554082870483
2933.0 0.9979219436645508
2934.0 0.9980716705322266
2935.0 0.9981673955917358
2936.0 0.9981817603111267
2937.0 0.9981989860534668
2938.0 0.998113751411438
2939.0 0.9980336427688599
2940.0 0.9978632926940918
2941.0 0.9976044297218323
2942.0 0.9972580671310425
2943.0 0.9966742992401123
2944.0 0.9961569309234619
2945.0 0.995521068572998
2946.0 0.9942537546157837
2947.0 0.99313884973526
2948.0 0.9915995597839355
2949.0 0.9887763261795044
2950.0 0.9856732487678528
2951.0 0.9837291836738586
2952.0 0.9828874468803406
2953.0 0.9828939437866211
2954.0 0.9838101267814636
2955.0 0.9858360290527344
2956.0 0.9889373779296875
2957.0 0.9916760921478271
2958.0 0.9932583570480347
2959.0 0.9942330121994019
2960.0 0.9952219724655151
2961.0 0.996093213558197
2962.0 0.9966051578521729
2963.0 0.9969428777694702
2964.0 0.9974095821380615
2965.0 0.9975253343582153
2966.0 0.9975250363349915
2967.0 0.9976118206977844
2968.0 0.9975622296333313
2969.0 0.9973767399787903
2970.0 0.9970182776451111
2971.0 0.9966657161712646
2972.0 0.996221661567688
2973.0 0.9953667521476746
2974.0 0.9944123029708862
2975.0 0.9934880137443542
2976.0 0.9917531609535217
2977.0 0.9891203045845032
2978.0 0.9869835376739502
2979.0 0.9858110547065735
2980.0 0.9854621887207031
2981.0 0.9857799410820007
2982.0 0.9869142770767212
2983.0 0.9891497492790222
2984.0 0.9917927980422974
2985.0 0.9937281012535095
2986.0 0.9947457909584045
2987.0 0.9956841468811035
2988.0 0.9966517090797424
2989.0 0.9971993565559387
2990.0 0.9976369738578796
2991.0 0.9981943964958191
2992.0 0.9984760880470276
2993.0 0.9986470341682434
2994.0 0.9989085793495178
2995.0 0.9990718364715576
2996.0 0.9991770386695862
2997.0 0.9992297887802124
2998.0 0.9993032217025757
2999.0 0.9994179606437683
3000.0 0.9994258284568787
3001.0 0.9995576739311218
3002.0 0.9996486306190491
3003.0 0.9996737241744995
3004.0 0.9997047781944275
3005.0 0.9997670650482178
3006.0 0.9997000098228455
3007.0 0.9997496604919434
3008.0 0.9997643232345581
3009.0 0.9997307658195496
3010.0 1.0
