2855.0 0.9993804150642711
2856.0 1.0
2857.0 0.9999394824016264
2858.0 0.9984755328790671
2859.0 0.9980980183368323
2860.0 0.9965850783774943
2861.0 0.9948098954918712
2862.0 0.9920851626698636
2863.0 0.9898114300452585
2864.0 0.9870665246904596
2865.0 0.9828043566907249
2866.0 0.9779413353928529
2867.0 0.9731388316933545
2868.0 0.9692959641966361
2869.0 0.969026516794354
2870.0 0.9720610420842261
2871.0 0.9771344340812059
2872.0 0.980196336379866
2873.0 0.9755969989034787
2874.0 0.970274332037008
2875.0 0.9699573350931466
2876.0 0.9709284984575217
2877.0 0.9762526062191919
2878.0 0.9812438671898077
2879.0 0.9857308148406442
2880.0 0.9891327684063556
2881.0 0.9915376224941032
2882.0 0.9944136493120446
2883.0 0.9963012220232186
2884.0 0.9980331780528607
2885.0 0.9988141432509189
